238
240
240
242
248
248
248
248
248
248
248
248
248
250
250
250
250
250
250
256
256
256
256
256
256
256
256
256
256
256
256
256
256
256
256
256
256
256
256
256
256
256
256
256
256
256
256
256
256
256
256
256
256
256
256
256
256
256
256
256
256
256
256
256
258
258
258
258
258
258
258
258
258
258
258
258
258
258
258
258
258
258
258
258
258
258
258
258
258
258
258
258
260
260
264
264
264
264
264
264
264
264
264
264
264
264
264
264
264
264
264
264
264
264
264
